[[[0.00000000e+00],
        [0.00000000e+00],
        [0.00000000e+00],
        [0.00000000e+00],
        [0.00000000e+00],
        [0.00000000e+00],
        [0.00000000e+00],
        [0.00000000e+00],
        [0.00000000e+00],
        [0.00000000e+00],
        [0.00000000e+00],
        [0.00000000e+00],
        [0.00000000e+00],
        [0.00000000e+00],
        [0.00000000e+00],
        [0.00000000e+00],
        [0.00000000e+00],
        [0.00000000e+00],
        [0.00000000e+00],
        [0.00000000e+00],
        [0.00000000e+00],
        [0.00000000e+00],
        [0.00000000e+00],
        [0.00000000e+00],
        [0.00000000e+00],
        [0.00000000e+00],
        [0.00000000e+00],
        [0.00000000e+00]],

       [[0.00000000e+00],
        [0.00000000e+00],
        [0.00000000e+00],
        [0.00000000e+00],
        [0.00000000e+00],
        [0.00000000e+00],
        [0.00000000e+00],
        [0.00000000e+00],
        [0.00000000e+00],
        [0.00000000e+00],
        [0.00000000e+00],
        [0.00000000e+00],
        [0.00000000e+00],
        [0.00000000e+00],
        [0.00000000e+00],
        [0.00000000e+00],
        [0.00000000e+00],
        [0.00000000e+00],
        [0.00000000e+00],
        [0.00000000e+00],
        [0.00000000e+00],
        [0.00000000e+00],
        [0.00000000e+00],
        [0.00000000e+00],
        [0.00000000e+00],
        [0.00000000e+00],
        [0.00000000e+00],
        [0.00000000e+00]],

       [[0.00000000e+00],
        [0.00000000e+00],
        [0.00000000e+00],
        [0.00000000e+00],
        [0.00000000e+00],
        [0.00000000e+00],
        [0.00000000e+00],
        [0.00000000e+00],
        [0.00000000e+00],
        [0.00000000e+00],
        [0.00000000e+00],
        [0.00000000e+00],
        [0.00000000e+00],
        [0.00000000e+00],
        [0.00000000e+00],
        [0.00000000e+00],
        [0.00000000e+00],
        [0.00000000e+00],
        [0.00000000e+00],
        [0.00000000e+00],
        [0.00000000e+00],
        [0.00000000e+00],
        [0.00000000e+00],
        [0.00000000e+00],
        [0.00000000e+00],
        [0.00000000e+00],
        [0.00000000e+00],
        [0.00000000e+00]],

       [[0.00000000e+00],
        [0.00000000e+00],
        [0.00000000e+00],
        [0.00000000e+00],
        [0.00000000e+00],
        [0.00000000e+00],
        [0.00000000e+00],
        [0.00000000e+00],
        [0.00000000e+00],
        [0.00000000e+00],
        [0.00000000e+00],
        [0.00000000e+00],
        [0.00000000e+00],
        [0.00000000e+00],
        [0.00000000e+00],
        [0.00000000e+00],
        [0.00000000e+00],
        [0.00000000e+00],
        [0.00000000e+00],
        [0.00000000e+00],
        [0.00000000e+00],
        [0.00000000e+00],
        [0.00000000e+00],
        [0.00000000e+00],
        [0.00000000e+00],
        [0.00000000e+00],
        [0.00000000e+00],
        [0.00000000e+00]],

       [[0.00000000e+00],
        [0.00000000e+00],
        [0.00000000e+00],
        [0.00000000e+00],
        [0.00000000e+00],
        [0.00000000e+00],
        [0.00000000e+00],
        [0.00000000e+00],
        [0.00000000e+00],
        [0.00000000e+00],
        [0.00000000e+00],
        [0.00000000e+00],
        [0.00000000e+00],
        [0.00000000e+00],
        [0.00000000e+00],
        [0.00000000e+00],
        [0.00000000e+00],
        [0.00000000e+00],
        [0.00000000e+00],
        [0.00000000e+00],
        [0.00000000e+00],
        [0.00000000e+00],
        [0.00000000e+00],
        [0.00000000e+00],
        [0.00000000e+00],
        [0.00000000e+00],
        [0.00000000e+00],
        [0.00000000e+00]],

       [[0.00000000e+00],
        [0.00000000e+00],
        [0.00000000e+00],
        [0.00000000e+00],
        [0.00000000e+00],
        [0.00000000e+00],
        [0.00000000e+00],
        [0.00000000e+00],
        [0.00000000e+00],
        [0.00000000e+00],
        [0.00000000e+00],
        [0.00000000e+00],
        [1.01199710e-26],
        [6.07198263e-26],
        [6.07198263e-26],
        [6.07198263e-26],
        [4.25038784e-25],
        [4.58772021e-25],
        [5.90331644e-25],
        [8.77064157e-26],
        [5.59971731e-25],
        [8.60197539e-25],
        [8.33210949e-25],
        [4.28412108e-25],
        [0.00000000e+00],
        [0.00000000e+00],
        [0.00000000e+00],
        [0.00000000e+00]],

       [[0.00000000e+00],
        [0.00000000e+00],
        [0.00000000e+00],
        [0.00000000e+00],
        [0.00000000e+00],
        [0.00000000e+00],
        [0.00000000e+00],
        [0.00000000e+00],
        [1.01199710e-25],
        [1.21439653e-25],
        [3.17092426e-25],
        [5.19491847e-25],
        [5.73465026e-25],
        [8.53450892e-25],
        [8.53450892e-25],
        [8.53450892e-25],
        [8.53450892e-25],
        [8.53450892e-25],
        [7.58997828e-25],
        [5.80211673e-25],
        [8.53450892e-25],
        [8.16344331e-25],
        [6.57798118e-25],
        [2.15892716e-25],
        [0.00000000e+00],
        [0.00000000e+00],
        [0.00000000e+00],
        [0.00000000e+00]],

       [[0.00000000e+00],
        [0.00000000e+00],
        [0.00000000e+00],
        [0.00000000e+00],
        [0.00000000e+00],
        [0.00000000e+00],
        [0.00000000e+00],
        [1.65292860e-25],
        [8.02851036e-25],
        [8.53450892e-25],
        [8.53450892e-25],
        [8.53450892e-25],
        [8.53450892e-25],
        [8.53450892e-25],
        [8.53450892e-25],
        [8.53450892e-25],
        [8.53450892e-25],
        [8.46704244e-25],
        [3.13719102e-25],
        [2.76612542e-25],
        [2.76612542e-25],
        [1.88906126e-25],
        [1.31559624e-25],
        [0.00000000e+00],
        [0.00000000e+00],
        [0.00000000e+00],
        [0.00000000e+00],
        [0.00000000e+00]],

       [[0.00000000e+00],
        [0.00000000e+00],
        [0.00000000e+00],
        [0.00000000e+00],
        [0.00000000e+00],
        [0.00000000e+00],
        [0.00000000e+00],
        [6.07198263e-26],
        [7.38757886e-25],
        [8.53450892e-25],
        [8.53450892e-25],
        [8.53450892e-25],
        [8.53450892e-25],
        [8.53450892e-25],
        [6.67918089e-25],
        [6.13944910e-25],
        [8.33210949e-25],
        [8.12971007e-25],
        [0.00000000e+00],
        [0.00000000e+00],
        [0.00000000e+00],
        [0.00000000e+00],
        [0.00000000e+00],
        [0.00000000e+00],
        [0.00000000e+00],
        [0.00000000e+00],
        [0.00000000e+00],
        [0.00000000e+00]],

       [[0.00000000e+00],
        [0.00000000e+00],
        [0.00000000e+00],
        [0.00000000e+00],
        [0.00000000e+00],
        [0.00000000e+00],
        [0.00000000e+00],
        [0.00000000e+00],
        [2.69865895e-25],
        [5.26238494e-25],
        [3.60945634e-25],
        [8.53450892e-25],
        [8.53450892e-25],
        [6.91531355e-25],
        [3.71065605e-26],
        [0.00000000e+00],
        [1.45052918e-25],
        [5.19491847e-25],
        [0.00000000e+00],
        [0.00000000e+00],
        [0.00000000e+00],
        [0.00000000e+00],
        [0.00000000e+00],
        [0.00000000e+00],
        [0.00000000e+00],
        [0.00000000e+00],
        [0.00000000e+00],
        [0.00000000e+00]],

       [[0.00000000e+00],
        [0.00000000e+00],
        [0.00000000e+00],
        [0.00000000e+00],
        [0.00000000e+00],
        [0.00000000e+00],
        [0.00000000e+00],
        [0.00000000e+00],
        [0.00000000e+00],
        [4.72265315e-26],
        [3.37332368e-27],
        [5.19491847e-25],
        [8.53450892e-25],
        [3.03599131e-25],
        [0.00000000e+00],
        [0.00000000e+00],
        [0.00000000e+00],
        [0.00000000e+00],
        [0.00000000e+00],
        [0.00000000e+00],
        [0.00000000e+00],
        [0.00000000e+00],
        [0.00000000e+00],
        [0.00000000e+00],
        [0.00000000e+00],
        [0.00000000e+00],
        [0.00000000e+00],
        [0.00000000e+00]],

       [[0.00000000e+00],
        [0.00000000e+00],
        [0.00000000e+00],
        [0.00000000e+00],
        [0.00000000e+00],
        [0.00000000e+00],
        [0.00000000e+00],
        [0.00000000e+00],
        [0.00000000e+00],
        [0.00000000e+00],
        [0.00000000e+00],
        [4.68891992e-25],
        [8.53450892e-25],
        [6.40931500e-25],
        [6.74664736e-27],
        [0.00000000e+00],
        [0.00000000e+00],
        [0.00000000e+00],
        [0.00000000e+00],
        [0.00000000e+00],
        [0.00000000e+00],
        [0.00000000e+00],
        [0.00000000e+00],
        [0.00000000e+00],
        [0.00000000e+00],
        [0.00000000e+00],
        [0.00000000e+00],
        [0.00000000e+00]],

       [[0.00000000e+00],
        [0.00000000e+00],
        [0.00000000e+00],
        [0.00000000e+00],
        [0.00000000e+00],
        [0.00000000e+00],
        [0.00000000e+00],
        [0.00000000e+00],
        [0.00000000e+00],
        [0.00000000e+00],
        [0.00000000e+00],
        [3.71065605e-26],
        [6.40931500e-25],
        [8.53450892e-25],
        [2.36132658e-25],
        [0.00000000e+00],
        [0.00000000e+00],
        [0.00000000e+00],
        [0.00000000e+00],
        [0.00000000e+00],
        [0.00000000e+00],
        [0.00000000e+00],
        [0.00000000e+00],
        [0.00000000e+00],
        [0.00000000e+00],
        [0.00000000e+00],
        [0.00000000e+00],
        [0.00000000e+00]],

       [[0.00000000e+00],
        [0.00000000e+00],
        [0.00000000e+00],
        [0.00000000e+00],
        [0.00000000e+00],
        [0.00000000e+00],
        [0.00000000e+00],
        [0.00000000e+00],
        [0.00000000e+00],
        [0.00000000e+00],
        [0.00000000e+00],
        [0.00000000e+00],
        [1.18066329e-25],
        [8.12971007e-25],
        [7.58997828e-25],
        [5.39731789e-25],
        [3.64318958e-25],
        [3.37332368e-27],
        [0.00000000e+00],
        [0.00000000e+00],
        [0.00000000e+00],
        [0.00000000e+00],
        [0.00000000e+00],
        [0.00000000e+00],
        [0.00000000e+00],
        [0.00000000e+00],
        [0.00000000e+00],
        [0.00000000e+00]],

       [[0.00000000e+00],
        [0.00000000e+00],
        [0.00000000e+00],
        [0.00000000e+00],
        [0.00000000e+00],
        [0.00000000e+00],
        [0.00000000e+00],
        [0.00000000e+00],
        [0.00000000e+00],
        [0.00000000e+00],
        [0.00000000e+00],
        [0.00000000e+00],
        [0.00000000e+00],
        [2.73239218e-25],
        [8.09597684e-25],
        [8.53450892e-25],
        [8.53450892e-25],
        [4.01425518e-25],
        [8.43330920e-26],
        [0.00000000e+00],
        [0.00000000e+00],
        [0.00000000e+00],
        [0.00000000e+00],
        [0.00000000e+00],
        [0.00000000e+00],
        [0.00000000e+00],
        [0.00000000e+00],
        [0.00000000e+00]],

       [[0.00000000e+00],
        [0.00000000e+00],
        [0.00000000e+00],
        [0.00000000e+00],
        [0.00000000e+00],
        [0.00000000e+00],
        [0.00000000e+00],
        [0.00000000e+00],
        [0.00000000e+00],
        [0.00000000e+00],
        [0.00000000e+00],
        [0.00000000e+00],
        [0.00000000e+00],
        [0.00000000e+00],
        [1.51799566e-25],
        [6.27438205e-25],
        [8.53450892e-25],
        [8.53450892e-25],
        [5.05998552e-25],
        [9.10797394e-26],
        [0.00000000e+00],
        [0.00000000e+00],
        [0.00000000e+00],
        [0.00000000e+00],
        [0.00000000e+00],
        [0.00000000e+00],
        [0.00000000e+00],
        [0.00000000e+00]],

       [[0.00000000e+00],
        [0.00000000e+00],
        [0.00000000e+00],
        [0.00000000e+00],
        [0.00000000e+00],
        [0.00000000e+00],
        [0.00000000e+00],
        [0.00000000e+00],
        [0.00000000e+00],
        [0.00000000e+00],
        [0.00000000e+00],
        [0.00000000e+00],
        [0.00000000e+00],
        [0.00000000e+00],
        [0.00000000e+00],
        [5.39731789e-26],
        [3.13719102e-25],
        [8.50077568e-25],
        [8.53450892e-25],
        [6.30811529e-25],
        [0.00000000e+00],
        [0.00000000e+00],
        [0.00000000e+00],
        [0.00000000e+00],
        [0.00000000e+00],
        [0.00000000e+00],
        [0.00000000e+00],
        [0.00000000e+00]],

       [[0.00000000e+00],
        [0.00000000e+00],
        [0.00000000e+00],
        [0.00000000e+00],
        [0.00000000e+00],
        [0.00000000e+00],
        [0.00000000e+00],
        [0.00000000e+00],
        [0.00000000e+00],
        [0.00000000e+00],
        [0.00000000e+00],
        [0.00000000e+00],
        [0.00000000e+00],
        [0.00000000e+00],
        [0.00000000e+00],
        [0.00000000e+00],
        [0.00000000e+00],
        [8.39957597e-25],
        [8.53450892e-25],
        [8.39957597e-25],
        [2.15892716e-25],
        [0.00000000e+00],
        [0.00000000e+00],
        [0.00000000e+00],
        [0.00000000e+00],
        [0.00000000e+00],
        [0.00000000e+00],
        [0.00000000e+00]],

       [[0.00000000e+00],
        [0.00000000e+00],
        [0.00000000e+00],
        [0.00000000e+00],
        [0.00000000e+00],
        [0.00000000e+00],
        [0.00000000e+00],
        [0.00000000e+00],
        [0.00000000e+00],
        [0.00000000e+00],
        [0.00000000e+00],
        [0.00000000e+00],
        [0.00000000e+00],
        [0.00000000e+00],
        [1.55172889e-25],
        [4.38532079e-25],
        [6.17318234e-25],
        [8.53450892e-25],
        [8.53450892e-25],
        [6.98278002e-25],
        [6.74664736e-27],
        [0.00000000e+00],
        [0.00000000e+00],
        [0.00000000e+00],
        [0.00000000e+00],
        [0.00000000e+00],
        [0.00000000e+00],
        [0.00000000e+00]],

       [[0.00000000e+00],
        [0.00000000e+00],
        [0.00000000e+00],
        [0.00000000e+00],
        [0.00000000e+00],
        [0.00000000e+00],
        [0.00000000e+00],
        [0.00000000e+00],
        [0.00000000e+00],
        [0.00000000e+00],
        [0.00000000e+00],
        [0.00000000e+00],
        [1.31559624e-25],
        [4.99251905e-25],
        [7.72491123e-25],
        [8.53450892e-25],
        [8.53450892e-25],
        [8.53450892e-25],
        [8.43330920e-25],
        [6.13944910e-25],
        [0.00000000e+00],
        [0.00000000e+00],
        [0.00000000e+00],
        [0.00000000e+00],
        [0.00000000e+00],
        [0.00000000e+00],
        [0.00000000e+00],
        [0.00000000e+00]],

       [[0.00000000e+00],
        [0.00000000e+00],
        [0.00000000e+00],
        [0.00000000e+00],
        [0.00000000e+00],
        [0.00000000e+00],
        [0.00000000e+00],
        [0.00000000e+00],
        [0.00000000e+00],
        [0.00000000e+00],
        [8.09597684e-26],
        [3.84558900e-25],
        [7.45504534e-25],
        [8.53450892e-25],
        [8.53450892e-25],
        [8.53450892e-25],
        [8.53450892e-25],
        [6.78038060e-25],
        [2.63119247e-25],
        [0.00000000e+00],
        [0.00000000e+00],
        [0.00000000e+00],
        [0.00000000e+00],
        [0.00000000e+00],
        [0.00000000e+00],
        [0.00000000e+00],
        [0.00000000e+00],
        [0.00000000e+00]],

       [[0.00000000e+00],
        [0.00000000e+00],
        [0.00000000e+00],
        [0.00000000e+00],
        [0.00000000e+00],
        [0.00000000e+00],
        [0.00000000e+00],
        [0.00000000e+00],
        [7.75864447e-26],
        [2.22639363e-25],
        [7.18517944e-25],
        [8.53450892e-25],
        [8.53450892e-25],
        [8.53450892e-25],
        [8.53450892e-25],
        [6.67918089e-25],
        [2.73239218e-25],
        [6.74664736e-27],
        [0.00000000e+00],
        [0.00000000e+00],
        [0.00000000e+00],
        [0.00000000e+00],
        [0.00000000e+00],
        [0.00000000e+00],
        [0.00000000e+00],
        [0.00000000e+00],
        [0.00000000e+00],
        [0.00000000e+00]],

       [[0.00000000e+00],
        [0.00000000e+00],
        [0.00000000e+00],
        [0.00000000e+00],
        [0.00000000e+00],
        [0.00000000e+00],
        [6.07198263e-26],
        [5.76838350e-25],
        [7.38757886e-25],
        [8.53450892e-25],
        [8.53450892e-25],
        [8.53450892e-25],
        [8.53450892e-25],
        [6.57798118e-25],
        [2.69865895e-25],
        [3.03599131e-26],
        [0.00000000e+00],
        [0.00000000e+00],
        [0.00000000e+00],
        [0.00000000e+00],
        [0.00000000e+00],
        [0.00000000e+00],
        [0.00000000e+00],
        [0.00000000e+00],
        [0.00000000e+00],
        [0.00000000e+00],
        [0.00000000e+00],
        [0.00000000e+00]],

       [[0.00000000e+00],
        [0.00000000e+00],
        [0.00000000e+00],
        [0.00000000e+00],
        [1.85532803e-25],
        [5.80211673e-25],
        [7.62371152e-25],
        [8.53450892e-25],
        [8.53450892e-25],
        [8.53450892e-25],
        [8.53450892e-25],
        [8.23090978e-25],
        [4.48652050e-25],
        [3.71065605e-26],
        [0.00000000e+00],
        [0.00000000e+00],
        [0.00000000e+00],
        [0.00000000e+00],
        [0.00000000e+00],
        [0.00000000e+00],
        [0.00000000e+00],
        [0.00000000e+00],
        [0.00000000e+00],
        [0.00000000e+00],
        [0.00000000e+00],
        [0.00000000e+00],
        [0.00000000e+00],
        [0.00000000e+00]],

       [[0.00000000e+00],
        [0.00000000e+00],
        [0.00000000e+00],
        [0.00000000e+00],
        [4.58772021e-25],
        [8.53450892e-25],
        [8.53450892e-25],
        [8.53450892e-25],
        [7.15144621e-25],
        [4.55398697e-25],
        [4.45278726e-25],
        [5.39731789e-26],
        [0.00000000e+00],
        [0.00000000e+00],
        [0.00000000e+00],
        [0.00000000e+00],
        [0.00000000e+00],
        [0.00000000e+00],
        [0.00000000e+00],
        [0.00000000e+00],
        [0.00000000e+00],
        [0.00000000e+00],
        [0.00000000e+00],
        [0.00000000e+00],
        [0.00000000e+00],
        [0.00000000e+00],
        [0.00000000e+00],
        [0.00000000e+00]],

       [[0.00000000e+00],
        [0.00000000e+00],
        [0.00000000e+00],
        [0.00000000e+00],
        [0.00000000e+00],
        [0.00000000e+00],
        [0.00000000e+00],
        [0.00000000e+00],
        [0.00000000e+00],
        [0.00000000e+00],
        [0.00000000e+00],
        [0.00000000e+00],
        [0.00000000e+00],
        [0.00000000e+00],
        [0.00000000e+00],
        [0.00000000e+00],
        [0.00000000e+00],
        [0.00000000e+00],
        [0.00000000e+00],
        [0.00000000e+00],
        [0.00000000e+00],
        [0.00000000e+00],
        [0.00000000e+00],
        [0.00000000e+00],
        [0.00000000e+00],
        [0.00000000e+00],
        [0.00000000e+00],
        [0.00000000e+00]],

       [[0.00000000e+00],
        [0.00000000e+00],
        [0.00000000e+00],
        [0.00000000e+00],
        [0.00000000e+00],
        [0.00000000e+00],
        [0.00000000e+00],
        [0.00000000e+00],
        [0.00000000e+00],
        [0.00000000e+00],
        [0.00000000e+00],
        [0.00000000e+00],
        [0.00000000e+00],
        [0.00000000e+00],
        [0.00000000e+00],
        [0.00000000e+00],
        [0.00000000e+00],
        [0.00000000e+00],
        [0.00000000e+00],
        [0.00000000e+00],
        [0.00000000e+00],
        [0.00000000e+00],
        [0.00000000e+00],
        [0.00000000e+00],
        [0.00000000e+00],
        [0.00000000e+00],
        [0.00000000e+00],
        [0.00000000e+00]],

       [[0.00000000e+00],
        [0.00000000e+00],
        [0.00000000e+00],
        [0.00000000e+00],
        [0.00000000e+00],
        [0.00000000e+00],
        [0.00000000e+00],
        [0.00000000e+00],
        [0.00000000e+00],
        [0.00000000e+00],
        [0.00000000e+00],
        [0.00000000e+00],
        [0.00000000e+00],
        [0.00000000e+00],
        [0.00000000e+00],
        [0.00000000e+00],
        [0.00000000e+00],
        [0.00000000e+00],
        [0.00000000e+00],
        [0.00000000e+00],
        [0.00000000e+00],
        [0.00000000e+00],
        [0.00000000e+00],
        [0.00000000e+00],
        [0.00000000e+00],
        [0.00000000e+00],
        [0.00000000e+00],
        [0.00000000e+00]]],
[[[0.00000000e+00],
        [0.00000000e+00],
        [0.00000000e+00],
        [0.00000000e+00],
        [0.00000000e+00],
        [0.00000000e+00],
        [0.00000000e+00],
        [0.00000000e+00],
        [0.00000000e+00],
        [0.00000000e+00],
        [0.00000000e+00],
        [0.00000000e+00],
        [0.00000000e+00],
        [0.00000000e+00],
        [0.00000000e+00],
        [0.00000000e+00],
        [0.00000000e+00],
        [0.00000000e+00],
        [0.00000000e+00],
        [0.00000000e+00],
        [0.00000000e+00],
        [0.00000000e+00],
        [0.00000000e+00],
        [0.00000000e+00],
        [0.00000000e+00],
        [0.00000000e+00],
        [0.00000000e+00],
        [0.00000000e+00]],

       [[0.00000000e+00],
        [0.00000000e+00],
        [0.00000000e+00],
        [0.00000000e+00],
        [0.00000000e+00],
        [0.00000000e+00],
        [0.00000000e+00],
        [0.00000000e+00],
        [0.00000000e+00],
        [0.00000000e+00],
        [0.00000000e+00],
        [0.00000000e+00],
        [0.00000000e+00],
        [0.00000000e+00],
        [0.00000000e+00],
        [0.00000000e+00],
        [0.00000000e+00],
        [0.00000000e+00],
        [0.00000000e+00],
        [0.00000000e+00],
        [0.00000000e+00],
        [0.00000000e+00],
        [0.00000000e+00],
        [0.00000000e+00],
        [0.00000000e+00],
        [0.00000000e+00],
        [0.00000000e+00],
        [0.00000000e+00]],

       [[0.00000000e+00],
        [0.00000000e+00],
        [0.00000000e+00],
        [0.00000000e+00],
        [0.00000000e+00],
        [0.00000000e+00],
        [0.00000000e+00],
        [0.00000000e+00],
        [0.00000000e+00],
        [0.00000000e+00],
        [0.00000000e+00],
        [0.00000000e+00],
        [0.00000000e+00],
        [0.00000000e+00],
        [0.00000000e+00],
        [0.00000000e+00],
        [0.00000000e+00],
        [0.00000000e+00],
        [0.00000000e+00],
        [0.00000000e+00],
        [0.00000000e+00],
        [0.00000000e+00],
        [0.00000000e+00],
        [0.00000000e+00],
        [0.00000000e+00],
        [0.00000000e+00],
        [0.00000000e+00],
        [0.00000000e+00]],

       [[0.00000000e+00],
        [0.00000000e+00],
        [0.00000000e+00],
        [0.00000000e+00],
        [0.00000000e+00],
        [0.00000000e+00],
        [0.00000000e+00],
        [0.00000000e+00],
        [0.00000000e+00],
        [0.00000000e+00],
        [0.00000000e+00],
        [0.00000000e+00],
        [0.00000000e+00],
        [0.00000000e+00],
        [0.00000000e+00],
        [0.00000000e+00],
        [0.00000000e+00],
        [0.00000000e+00],
        [0.00000000e+00],
        [0.00000000e+00],
        [0.00000000e+00],
        [0.00000000e+00],
        [0.00000000e+00],
        [0.00000000e+00],
        [0.00000000e+00],
        [0.00000000e+00],
        [0.00000000e+00],
        [0.00000000e+00]],

       [[0.00000000e+00],
        [0.00000000e+00],
        [0.00000000e+00],
        [0.00000000e+00],
        [0.00000000e+00],
        [0.00000000e+00],
        [0.00000000e+00],
        [0.00000000e+00],
        [0.00000000e+00],
        [0.00000000e+00],
        [0.00000000e+00],
        [0.00000000e+00],
        [0.00000000e+00],
        [0.00000000e+00],
        [0.00000000e+00],
        [4.06881056e-35],
        [1.26851153e-34],
        [2.01844916e-34],
        [1.26851153e-34],
        [3.98902996e-35],
        [0.00000000e+00],
        [0.00000000e+00],
        [0.00000000e+00],
        [0.00000000e+00],
        [0.00000000e+00],
        [0.00000000e+00],
        [0.00000000e+00],
        [0.00000000e+00]],

       [[0.00000000e+00],
        [0.00000000e+00],
        [0.00000000e+00],
        [0.00000000e+00],
        [0.00000000e+00],
        [0.00000000e+00],
        [0.00000000e+00],
        [0.00000000e+00],
        [0.00000000e+00],
        [0.00000000e+00],
        [0.00000000e+00],
        [0.00000000e+00],
        [0.00000000e+00],
        [0.00000000e+00],
        [3.82946876e-35],
        [1.89877826e-34],
        [2.01047110e-34],
        [2.01047110e-34],
        [2.01047110e-34],
        [1.89080020e-34],
        [0.00000000e+00],
        [0.00000000e+00],
        [0.00000000e+00],
        [0.00000000e+00],
        [0.00000000e+00],
        [0.00000000e+00],
        [0.00000000e+00],
        [0.00000000e+00]],

       [[0.00000000e+00],
        [0.00000000e+00],
        [0.00000000e+00],
        [0.00000000e+00],
        [0.00000000e+00],
        [0.00000000e+00],
        [0.00000000e+00],
        [0.00000000e+00],
        [0.00000000e+00],
        [0.00000000e+00],
        [0.00000000e+00],
        [0.00000000e+00],
        [0.00000000e+00],
        [4.30815235e-35],
        [1.81101960e-34],
        [2.01844916e-34],
        [2.01047110e-34],
        [1.90675632e-34],
        [1.85888796e-34],
        [2.01047110e-34],
        [4.54749415e-35],
        [4.78683595e-36],
        [0.00000000e+00],
        [0.00000000e+00],
        [0.00000000e+00],
        [0.00000000e+00],
        [0.00000000e+00],
        [0.00000000e+00]],

       [[0.00000000e+00],
        [0.00000000e+00],
        [0.00000000e+00],
        [0.00000000e+00],
        [0.00000000e+00],
        [0.00000000e+00],
        [0.00000000e+00],
        [0.00000000e+00],
        [0.00000000e+00],
        [0.00000000e+00],
        [0.00000000e+00],
        [7.97805991e-36],
        [4.78683595e-35],
        [1.78708542e-34],
        [2.01047110e-34],
        [2.01844916e-34],
        [2.01047110e-34],
        [1.61156810e-34],
        [6.70157033e-35],
        [2.01047110e-34],
        [2.01844916e-34],
        [9.73323310e-35],
        [0.00000000e+00],
        [0.00000000e+00],
        [0.00000000e+00],
        [0.00000000e+00],
        [0.00000000e+00],
        [0.00000000e+00]],

       [[0.00000000e+00],
        [0.00000000e+00],
        [0.00000000e+00],
        [0.00000000e+00],
        [0.00000000e+00],
        [0.00000000e+00],
        [0.00000000e+00],
        [0.00000000e+00],
        [0.00000000e+00],
        [0.00000000e+00],
        [0.00000000e+00],
        [1.30042377e-34],
        [2.01047110e-34],
        [2.01047110e-34],
        [2.01047110e-34],
        [2.01844916e-34],
        [2.01047110e-34],
        [2.01047110e-34],
        [7.65893752e-35],
        [1.50785332e-34],
        [2.01844916e-34],
        [1.33233601e-34],
        [0.00000000e+00],
        [0.00000000e+00],
        [0.00000000e+00],
        [0.00000000e+00],
        [0.00000000e+00],
        [0.00000000e+00]],

       [[0.00000000e+00],
        [0.00000000e+00],
        [0.00000000e+00],
        [0.00000000e+00],
        [0.00000000e+00],
        [0.00000000e+00],
        [0.00000000e+00],
        [0.00000000e+00],
        [0.00000000e+00],
        [0.00000000e+00],
        [4.06881056e-35],
        [1.89877826e-34],
        [2.01844916e-34],
        [2.01844916e-34],
        [1.51583138e-34],
        [9.09498830e-35],
        [2.01844916e-34],
        [1.81899766e-34],
        [3.74968816e-35],
        [6.30266733e-35],
        [2.03440528e-34],
        [1.34031407e-34],
        [0.00000000e+00],
        [0.00000000e+00],
        [0.00000000e+00],
        [0.00000000e+00],
        [0.00000000e+00],
        [0.00000000e+00]],

       [[0.00000000e+00],
        [0.00000000e+00],
        [0.00000000e+00],
        [0.00000000e+00],
        [0.00000000e+00],
        [0.00000000e+00],
        [0.00000000e+00],
        [0.00000000e+00],
        [0.00000000e+00],
        [3.82946876e-35],
        [1.89877826e-34],
        [2.01047110e-34],
        [2.01047110e-34],
        [1.42807272e-34],
        [9.57367190e-36],
        [5.98354494e-35],
        [9.65345250e-35],
        [1.67539258e-35],
        [0.00000000e+00],
        [0.00000000e+00],
        [2.01844916e-34],
        [1.93866856e-34],
        [3.98902996e-35],
        [0.00000000e+00],
        [0.00000000e+00],
        [0.00000000e+00],
        [0.00000000e+00],
        [0.00000000e+00]],

       [[0.00000000e+00],
        [0.00000000e+00],
        [0.00000000e+00],
        [0.00000000e+00],
        [0.00000000e+00],
        [0.00000000e+00],
        [0.00000000e+00],
        [0.00000000e+00],
        [3.03166277e-35],
        [1.31637989e-34],
        [2.01844916e-34],
        [1.85888796e-34],
        [1.65943646e-34],
        [6.70157033e-35],
        [0.00000000e+00],
        [0.00000000e+00],
        [0.00000000e+00],
        [0.00000000e+00],
        [0.00000000e+00],
        [0.00000000e+00],
        [2.01844916e-34],
        [2.01047110e-34],
        [1.31637989e-34],
        [0.00000000e+00],
        [0.00000000e+00],
        [0.00000000e+00],
        [0.00000000e+00],
        [0.00000000e+00]],

       [[0.00000000e+00],
        [0.00000000e+00],
        [0.00000000e+00],
        [0.00000000e+00],
        [0.00000000e+00],
        [0.00000000e+00],
        [0.00000000e+00],
        [5.58464194e-36],
        [1.42009466e-34],
        [2.01047110e-34],
        [1.91473438e-34],
        [5.66442254e-35],
        [1.51583138e-35],
        [2.23385678e-35],
        [0.00000000e+00],
        [0.00000000e+00],
        [0.00000000e+00],
        [0.00000000e+00],
        [0.00000000e+00],
        [0.00000000e+00],
        [2.01844916e-34],
        [2.01047110e-34],
        [1.55572168e-34],
        [0.00000000e+00],
        [0.00000000e+00],
        [0.00000000e+00],
        [0.00000000e+00],
        [0.00000000e+00]],

       [[0.00000000e+00],
        [0.00000000e+00],
        [0.00000000e+00],
        [0.00000000e+00],
        [0.00000000e+00],
        [0.00000000e+00],
        [0.00000000e+00],
        [4.54749415e-35],
        [2.01047110e-34],
        [2.01047110e-34],
        [5.02617775e-35],
        [0.00000000e+00],
        [0.00000000e+00],
        [0.00000000e+00],
        [0.00000000e+00],
        [0.00000000e+00],
        [0.00000000e+00],
        [0.00000000e+00],
        [0.00000000e+00],
        [0.00000000e+00],
        [2.01844916e-34],
        [2.01047110e-34],
        [1.55572168e-34],
        [0.00000000e+00],
        [0.00000000e+00],
        [0.00000000e+00],
        [0.00000000e+00],
        [0.00000000e+00]],

       [[0.00000000e+00],
        [0.00000000e+00],
        [0.00000000e+00],
        [0.00000000e+00],
        [0.00000000e+00],
        [0.00000000e+00],
        [0.00000000e+00],
        [1.57965586e-34],
        [2.01844916e-34],
        [1.51583138e-34],
        [0.00000000e+00],
        [0.00000000e+00],
        [0.00000000e+00],
        [0.00000000e+00],
        [0.00000000e+00],
        [0.00000000e+00],
        [0.00000000e+00],
        [0.00000000e+00],
        [0.00000000e+00],
        [0.00000000e+00],
        [2.03440528e-34],
        [2.01844916e-34],
        [1.56369974e-34],
        [0.00000000e+00],
        [0.00000000e+00],
        [0.00000000e+00],
        [0.00000000e+00],
        [0.00000000e+00]],

       [[0.00000000e+00],
        [0.00000000e+00],
        [0.00000000e+00],
        [0.00000000e+00],
        [0.00000000e+00],
        [0.00000000e+00],
        [6.06332553e-35],
        [1.96260274e-34],
        [2.01047110e-34],
        [8.93542710e-35],
        [0.00000000e+00],
        [0.00000000e+00],
        [0.00000000e+00],
        [0.00000000e+00],
        [0.00000000e+00],
        [0.00000000e+00],
        [0.00000000e+00],
        [0.00000000e+00],
        [0.00000000e+00],
        [0.00000000e+00],
        [2.01844916e-34],
        [2.01047110e-34],
        [1.18075287e-34],
        [0.00000000e+00],
        [0.00000000e+00],
        [0.00000000e+00],
        [0.00000000e+00],
        [0.00000000e+00]],

       [[0.00000000e+00],
        [0.00000000e+00],
        [0.00000000e+00],
        [0.00000000e+00],
        [0.00000000e+00],
        [0.00000000e+00],
        [6.78135093e-35],
        [2.01047110e-34],
        [1.83495378e-34],
        [1.99451498e-35],
        [0.00000000e+00],
        [0.00000000e+00],
        [0.00000000e+00],
        [0.00000000e+00],
        [0.00000000e+00],
        [0.00000000e+00],
        [0.00000000e+00],
        [0.00000000e+00],
        [5.58464194e-36],
        [1.07703809e-34],
        [2.01844916e-34],
        [1.48391914e-34],
        [9.57367190e-36],
        [0.00000000e+00],
        [0.00000000e+00],
        [0.00000000e+00],
        [0.00000000e+00],
        [0.00000000e+00]],

       [[0.00000000e+00],
        [0.00000000e+00],
        [0.00000000e+00],
        [0.00000000e+00],
        [0.00000000e+00],
        [0.00000000e+00],
        [6.78135093e-35],
        [2.01047110e-34],
        [1.77910736e-34],
        [0.00000000e+00],
        [0.00000000e+00],
        [0.00000000e+00],
        [0.00000000e+00],
        [0.00000000e+00],
        [0.00000000e+00],
        [0.00000000e+00],
        [0.00000000e+00],
        [5.58464194e-36],
        [1.04512585e-34],
        [2.01047110e-34],
        [1.79506348e-34],
        [5.66442254e-35],
        [0.00000000e+00],
        [0.00000000e+00],
        [0.00000000e+00],
        [0.00000000e+00],
        [0.00000000e+00],
        [0.00000000e+00]],

       [[0.00000000e+00],
        [0.00000000e+00],
        [0.00000000e+00],
        [0.00000000e+00],
        [0.00000000e+00],
        [0.00000000e+00],
        [6.78135093e-35],
        [2.01047110e-34],
        [1.15681869e-34],
        [0.00000000e+00],
        [0.00000000e+00],
        [0.00000000e+00],
        [0.00000000e+00],
        [0.00000000e+00],
        [0.00000000e+00],
        [0.00000000e+00],
        [3.82946876e-35],
        [1.31637989e-34],
        [2.01047110e-34],
        [1.38020437e-34],
        [0.00000000e+00],
        [0.00000000e+00],
        [0.00000000e+00],
        [0.00000000e+00],
        [0.00000000e+00],
        [0.00000000e+00],
        [0.00000000e+00],
        [0.00000000e+00]],

       [[0.00000000e+00],
        [0.00000000e+00],
        [0.00000000e+00],
        [0.00000000e+00],
        [0.00000000e+00],
        [0.00000000e+00],
        [6.86113153e-35],
        [2.01844916e-34],
        [1.79506348e-34],
        [0.00000000e+00],
        [0.00000000e+00],
        [0.00000000e+00],
        [0.00000000e+00],
        [0.00000000e+00],
        [0.00000000e+00],
        [9.09498830e-35],
        [1.89877826e-34],
        [2.01844916e-34],
        [1.29244571e-34],
        [0.00000000e+00],
        [0.00000000e+00],
        [0.00000000e+00],
        [0.00000000e+00],
        [0.00000000e+00],
        [0.00000000e+00],
        [0.00000000e+00],
        [0.00000000e+00],
        [0.00000000e+00]],

       [[0.00000000e+00],
        [0.00000000e+00],
        [0.00000000e+00],
        [0.00000000e+00],
        [0.00000000e+00],
        [0.00000000e+00],
        [6.78135093e-35],
        [2.01047110e-34],
        [1.98653692e-34],
        [1.16479675e-34],
        [3.82946876e-35],
        [2.31363738e-35],
        [6.78135093e-35],
        [1.42009466e-34],
        [1.79506348e-34],
        [2.01844916e-34],
        [1.77910736e-34],
        [1.33233601e-34],
        [4.46771355e-35],
        [0.00000000e+00],
        [0.00000000e+00],
        [0.00000000e+00],
        [0.00000000e+00],
        [0.00000000e+00],
        [0.00000000e+00],
        [0.00000000e+00],
        [0.00000000e+00],
        [0.00000000e+00]],

       [[0.00000000e+00],
        [0.00000000e+00],
        [0.00000000e+00],
        [0.00000000e+00],
        [0.00000000e+00],
        [0.00000000e+00],
        [6.78135093e-35],
        [2.01047110e-34],
        [2.01047110e-34],
        [2.01047110e-34],
        [1.82697572e-34],
        [1.71528288e-34],
        [2.01047110e-34],
        [2.01047110e-34],
        [2.01047110e-34],
        [1.56369974e-34],
        [1.03714779e-34],
        [0.00000000e+00],
        [0.00000000e+00],
        [0.00000000e+00],
        [0.00000000e+00],
        [0.00000000e+00],
        [0.00000000e+00],
        [0.00000000e+00],
        [0.00000000e+00],
        [0.00000000e+00],
        [0.00000000e+00],
        [0.00000000e+00]],

       [[0.00000000e+00],
        [0.00000000e+00],
        [0.00000000e+00],
        [0.00000000e+00],
        [0.00000000e+00],
        [0.00000000e+00],
        [2.23385678e-35],
        [1.58763392e-34],
        [2.01047110e-34],
        [2.01047110e-34],
        [2.01844916e-34],
        [2.01047110e-34],
        [2.01047110e-34],
        [1.85888796e-34],
        [1.15681869e-34],
        [0.00000000e+00],
        [0.00000000e+00],
        [0.00000000e+00],
        [0.00000000e+00],
        [0.00000000e+00],
        [0.00000000e+00],
        [0.00000000e+00],
        [0.00000000e+00],
        [0.00000000e+00],
        [0.00000000e+00],
        [0.00000000e+00],
        [0.00000000e+00],
        [0.00000000e+00]],

       [[0.00000000e+00],
        [0.00000000e+00],
        [0.00000000e+00],
        [0.00000000e+00],
        [0.00000000e+00],
        [0.00000000e+00],
        [0.00000000e+00],
        [1.99451498e-35],
        [1.02119167e-34],
        [2.01047110e-34],
        [2.01844916e-34],
        [2.01047110e-34],
        [1.12490645e-34],
        [2.95188217e-35],
        [0.00000000e+00],
        [0.00000000e+00],
        [0.00000000e+00],
        [0.00000000e+00],
        [0.00000000e+00],
        [0.00000000e+00],
        [0.00000000e+00],
        [0.00000000e+00],
        [0.00000000e+00],
        [0.00000000e+00],
        [0.00000000e+00],
        [0.00000000e+00],
        [0.00000000e+00],
        [0.00000000e+00]],

       [[0.00000000e+00],
        [0.00000000e+00],
        [0.00000000e+00],
        [0.00000000e+00],
        [0.00000000e+00],
        [0.00000000e+00],
        [0.00000000e+00],
        [0.00000000e+00],
        [0.00000000e+00],
        [0.00000000e+00],
        [0.00000000e+00],
        [0.00000000e+00],
        [0.00000000e+00],
        [0.00000000e+00],
        [0.00000000e+00],
        [0.00000000e+00],
        [0.00000000e+00],
        [0.00000000e+00],
        [0.00000000e+00],
        [0.00000000e+00],
        [0.00000000e+00],
        [0.00000000e+00],
        [0.00000000e+00],
        [0.00000000e+00],
        [0.00000000e+00],
        [0.00000000e+00],
        [0.00000000e+00],
        [0.00000000e+00]],

       [[0.00000000e+00],
        [0.00000000e+00],
        [0.00000000e+00],
        [0.00000000e+00],
        [0.00000000e+00],
        [0.00000000e+00],
        [0.00000000e+00],
        [0.00000000e+00],
        [0.00000000e+00],
        [0.00000000e+00],
        [0.00000000e+00],
        [0.00000000e+00],
        [0.00000000e+00],
        [0.00000000e+00],
        [0.00000000e+00],
        [0.00000000e+00],
        [0.00000000e+00],
        [0.00000000e+00],
        [0.00000000e+00],
        [0.00000000e+00],
        [0.00000000e+00],
        [0.00000000e+00],
        [0.00000000e+00],
        [0.00000000e+00],
        [0.00000000e+00],
        [0.00000000e+00],
        [0.00000000e+00],
        [0.00000000e+00]],

       [[0.00000000e+00],
        [0.00000000e+00],
        [0.00000000e+00],
        [0.00000000e+00],
        [0.00000000e+00],
        [0.00000000e+00],
        [0.00000000e+00],
        [0.00000000e+00],
        [0.00000000e+00],
        [0.00000000e+00],
        [0.00000000e+00],
        [0.00000000e+00],
        [0.00000000e+00],
        [0.00000000e+00],
        [0.00000000e+00],
        [0.00000000e+00],
        [0.00000000e+00],
        [0.00000000e+00],
        [0.00000000e+00],
        [0.00000000e+00],
        [0.00000000e+00],
        [0.00000000e+00],
        [0.00000000e+00],
        [0.00000000e+00],
        [0.00000000e+00],
        [0.00000000e+00],
        [0.00000000e+00],
        [0.00000000e+00]],

       [[0.00000000e+00],
        [0.00000000e+00],
        [0.00000000e+00],
        [0.00000000e+00],
        [0.00000000e+00],
        [0.00000000e+00],
        [0.00000000e+00],
        [0.00000000e+00],
        [0.00000000e+00],
        [0.00000000e+00],
        [0.00000000e+00],
        [0.00000000e+00],
        [0.00000000e+00],
        [0.00000000e+00],
        [0.00000000e+00],
        [0.00000000e+00],
        [0.00000000e+00],
        [0.00000000e+00],
        [0.00000000e+00],
        [0.00000000e+00],
        [0.00000000e+00],
        [0.00000000e+00],
        [0.00000000e+00],
        [0.00000000e+00],
        [0.00000000e+00],
        [0.00000000e+00],
        [0.00000000e+00],
        [0.00000000e+00]]]